%YAML:1.0
---
M1: !!opencv-matrix
   rows: 3
   cols: 3
   dt: d
   data: [ 5.4788404553142061e+02, 0., 3.0060754547885495e+02, 0.,
       5.5028460894077728e+02, 2.4046585022428144e+02, 0., 0., 1. ]
D1: !!opencv-matrix
   rows: 1
   cols: 5
   dt: d
   data: [ -1.3293629788525915e-01, 2.7295517423924737e-01,
       -2.9838147298649650e-04, 2.2671928327558221e-03,
       -2.2091996381121495e-01 ]
M2: !!opencv-matrix
   rows: 3
   cols: 3
   dt: d
   data: [ 5.4534026650275189e+02, 0., 2.9643582847412637e+02, 0.,
       5.4762410160660329e+02, 2.3509097213986496e+02, 0., 0., 1. ]
D2: !!opencv-matrix
   rows: 1
   cols: 5
   dt: d
   data: [ -1.5255072020078705e-01, 3.4150598616280559e-01,
       2.0319525522728048e-03, -1.1330989222568272e-03,
       -2.9585307605691291e-01 ]
